A1: 38215868.81
A2: 5147443.55
A3: 2.146060
A4: 1.884474
A5: 2.039162
